# PROXY_FOR_PC_1         PROXY_FOR_PC_2           PROXY_FOR_PC_3            PROXY_FOR_PC_4          PROXY_FOR_PC_5           PROXY_FOR_PC_6           PROXY_FOR_PC_7           PROXY_FOR_PC_8                                  
0.000000000000000000e+00 0.000000000000000000e+00 0.000000000000000000e+00 0.000000000000000000e+00 0.000000000000000000e+00 0.000000000000000000e+00 0.000000000000000000e+00 0.000000000000000000e+00
-7.317199750561486814e-08 1.197246295280178186e-09 4.744226543006480330e-08 7.746008834824769164e-08 3.157600730228527669e-08 1.147469250257454152e-07 -1.536350494794465667e-07 -2.414651320072193157e-08
-5.333881816148471407e-08 2.477626264310078577e-08 4.693342471828077972e-08 5.967578415583694473e-08 5.688122038809224113e-08 8.985281213574045459e-08 -6.082891164554502764e-08 1.025279038183255007e-07
-3.744381569285346073e-08 3.435197148623736037e-08 3.914730911170926172e-08 2.650480137576460165e-08 5.801976544090631209e-08 8.083697059636737188e-08 -2.274133837688960629e-08 1.180365519390939267e-07
-2.520972743981048355e-08 3.459861846172568152e-08 2.697643810272649170e-08 -5.782978155540305248e-09 4.909754621094627783e-08 7.087812598351932123e-08 -1.661499966498913774e-09 7.385415730511993660e-08
-1.618318167740085333e-08 2.967912590323086097e-08 1.418777567518124877e-08 -2.511678832580808758e-08 3.808638133572264691e-08 5.332889212199016079e-08 1.440601690133853922e-08 3.770872533759986250e-08
-9.845721557592420222e-09 2.282167737048836019e-08 3.946609675307190666e-09 -2.861636768552565552e-08 2.568749598036573619e-08 3.206307195813609515e-08 1.804392284301603008e-08 1.568484176204271360e-08
-5.630081714817255071e-09 1.602845097963591296e-08 -1.828271447209328755e-09 -2.156130417863851529e-08 1.473142866663087635e-08 1.547343012590955542e-08 8.516192038467781219e-09 -7.757690911537557986e-09
-2.983048780859020755e-09 1.059986920513710456e-08 -5.523285485113539957e-09 -1.187199068545753026e-08 7.357970867523854611e-09 4.491415131941836891e-09 7.270523341578978213e-10 -5.586190611277418069e-09
-1.440943237638752504e-09 6.495152117227526112e-09 -6.888916097727268561e-09 -4.600703373347094081e-09 3.418694832941224838e-09 -6.398036767418089357e-10 1.619331479828320584e-10 -1.421645207778369592e-09
-6.107291203327260891e-10 3.710974331178883863e-09 -6.753924582275269371e-09 -5.439752865463798309e-10 2.388159397553231561e-09 -2.317049774191348964e-09 3.736181336161909657e-09 3.917747896011624386e-09
-2.129280350494439374e-10 1.970845007214599542e-09 -5.814279916439007689e-09 1.165895481119125120e-09 2.587898639798501148e-09 -1.763852085266204657e-09 8.827646487925635845e-09 3.214542089283763282e-09
-4.375734505249309966e-11 9.547691833892675798e-10 -4.597911735559879960e-09 1.597068817905447440e-09 2.841190419027564815e-09 -5.473811836076631554e-10 1.233774825202901219e-08 1.922300386702047597e-09
1.830013756759295650e-11 4.418003388902439223e-10 -3.408123099030619771e-09 1.350425030031120030e-09 2.481453752342198614e-09 1.778429245302713028e-10 1.372927202533100740e-08 2.328808933215671596e-09
3.567573108912979432e-11 1.875541473398123977e-10 -2.268263389844873224e-09 8.339108938304662104e-10 1.964151985080424018e-09 4.171061548558991449e-10 1.284006038435895650e-08 2.540867500607329411e-09
4.055541910181494610e-11 5.501942037244466466e-11 -1.365284271095371035e-09 3.801445852841720016e-10 1.343165446046376755e-09 3.960633507775008771e-10 1.162753666668494300e-08 2.896169753212006695e-09
4.116670618686434301e-11 -1.091891426077030961e-11 -6.621216452013031617e-10 6.531214854468051105e-11 7.621891072541046772e-10 3.104405787292303568e-10 9.369150461152431375e-09 3.365091611044991686e-09
4.106110306716607226e-11 -3.981351806511860892e-11 -1.707535729817053945e-10 -1.353368833819830227e-10 2.649866701790248237e-10 2.064740884404459333e-10 7.083088399075250640e-09 2.800123429353151194e-09
3.724602270763633957e-11 -5.850510802985203727e-11 1.275060191598874113e-10 -2.098566368459521159e-10 1.025828121664484663e-11 1.419014180284954418e-10 4.671761558656469598e-09 1.632006594262843586e-09
3.006594644988423057e-11 -5.837794391977801949e-11 2.405250136278913275e-10 -2.137253649711631668e-10 -4.945321403636006977e-11 1.523107122478119759e-10 2.235469422377501372e-09 -2.935597970954933726e-10
2.118608745635049981e-11 -5.548924654949981432e-11 2.320089772436333375e-10 -1.727664084456128290e-10 2.671423659652165416e-11 1.870094709512666484e-10 -1.901059939382610269e-10 -2.574482356287924589e-09
1.269750983650463635e-11 -4.894510585436127754e-11 1.759914586633308216e-10 -1.244782256022128401e-10 1.383851774032919086e-10 2.223678954075695009e-10 -1.944357967687990430e-09 -4.254009687343056519e-09
6.452233474076407054e-12 -3.520370289504303656e-11 1.041493258008035563e-10 -7.074385504450748862e-11 1.549762760968746239e-10 1.819333211991362974e-10 -2.171760155136800290e-09 -3.966925984679866909e-09
3.552340762719525397e-12 -1.134486101404525655e-11 3.916129306505160338e-11 -2.211689058164931661e-11 1.637046893875233571e-11 3.413879952135145700e-11 -3.272881055863903522e-10 -6.198303044045835384e-10
2.530313669446873662e-12 9.413639840001099500e-12 -2.101679224772207408e-12 1.092792078802674461e-11 -1.387604706978572253e-10 -1.088920595963075673e-10 1.681252893526852264e-09 2.765353822645049623e-09
1.127529195685937950e-12 6.678616219705633632e-13 2.725616136032840132e-12 4.652479795673161062e-12 -3.468630127179634571e-11 -2.898403231105573191e-11 3.218047933357975213e-10 6.185974490355507582e-10
0.000000000000000000e+00 0.000000000000000000e+00 0.000000000000000000e+00 0.000000000000000000e+00 0.000000000000000000e+00 0.000000000000000000e+00 0.000000000000000000e+00 0.000000000000000000e+00
-1.000953616338205765e-07 2.712934154439329680e-08 8.179145318640738422e-08 1.156455955805576678e-07 1.105577935016008477e-07 1.458357481981747090e-07 -1.679398166265095883e-07 -5.987048332833819826e-08
-7.084051031866087691e-08 5.263336799782068718e-08 7.127007628309642366e-08 7.514270200709406396e-08 1.049918601315475649e-07 1.220718004617029410e-07 -5.930639558315841961e-08 8.565757148242777792e-08
-4.811810857429609636e-08 5.855773803241370412e-08 5.326936621552680844e-08 1.837409769261448084e-08 8.315720711559513348e-08 1.154865386794466171e-07 -2.171632761938938412e-08 1.004884355257935010e-07
-3.125034096019457810e-08 5.294579498156585051e-08 3.187710978542282777e-08 -2.785343016845893106e-08 6.118876778918592535e-08 9.510301749689784634e-08 5.971555407423514402e-09 5.719676685322113581e-08
-1.927195624188790482e-08 4.236610202004196064e-08 1.247835785811120410e-08 -4.606651660100950406e-08 4.302086555225077620e-08 6.435763334804397699e-08 1.607415158299573175e-08 2.698714683214399958e-08
-1.118124874026146373e-08 3.083460592073447611e-08 -1.618186297382135935e-09 -3.958885040434385954e-08 2.517374612856721955e-08 3.354227446716034735e-08 9.151463929814194230e-09 -7.023642950408920938e-09
-6.029977460567612321e-09 2.060776770143887277e-08 -7.950012976394987628e-09 -2.322534208789529638e-08 1.370899313401313903e-08 1.445451050909175771e-08 -6.222475764893484218e-09 -2.380367666901654108e-08
-2.968612346754230206e-09 1.290663063438933325e-08 -1.156320502448900948e-08 -9.555207753283029638e-09 6.459546114168458754e-09 3.007616974328516150e-09 -1.514322106060266262e-08 -2.680748928398233092e-08
-1.302115918223545127e-09 7.374793288974744684e-09 -1.180618099338063415e-08 -1.254548688489341276e-09 3.654389942247747482e-09 -1.814314127944558445e-09 -9.062295718342252281e-09 -1.200145540253055458e-08
-4.777121539021268915e-10 3.904194982713741562e-09 -1.051161970447025076e-08 1.981648455942896481e-09 4.739203914590494828e-09 -2.274196063710164461e-09 1.636926091466473360e-09 -1.121100630299024530e-08
-1.240960501188537283e-10 1.936246199957280089e-09 -8.326238372902282254e-09 2.900787530376752053e-09 5.608376978431930476e-09 -7.421133365343957406e-10 7.401044059590985870e-09 -1.240647218710330500e-08
5.852079026178649254e-12 8.300758349658188784e-10 -6.289700618200413751e-09 2.516682093996594725e-09 5.383458885514312196e-09 8.574832065321954667e-10 1.149305467502868618e-08 -8.854859325391156296e-09
4.363750535290268023e-11 3.182253312818403602e-10 -4.356724068472672169e-09 1.851101483518434577e-09 4.535398006282139853e-09 1.264768890703102885e-09 1.230407139236187225e-08 -1.267763674781144416e-08
5.417752223280904465e-11 7.092818210290453001e-11 -2.714453547484263512e-09 7.538077300897842781e-10 3.550716370701232106e-09 1.231279997735723470e-09 1.057268373047413600e-08 -1.011211998201743265e-08
5.920410678132264186e-11 -6.410242272026022173e-11 -1.407328474435998551e-09 1.203596874613197314e-10 2.362421037365810538e-09 1.026247203330700416e-09 8.874874613321402759e-09 -7.789105252747324000e-09
6.242206457381507963e-11 -1.210738247066908340e-10 -4.365401156427768452e-10 -2.952479732102301509e-10 1.330647171137647716e-09 7.750849236410191749e-10 6.262583592627867777e-09 -6.254546627251808383e-09
6.339353767009780576e-11 -1.336185523170275590e-10 1.817346303761201097e-10 -4.248134108430239084e-10 4.186451734765732553e-10 6.384557590899994987e-10 4.052399641644148683e-09 -4.477794056308291266e-09
5.593821807470548737e-11 -1.235062311004851745e-10 4.711516225012161744e-10 -3.504308141773191568e-10 -6.285870435013728615e-11 5.416720585678270634e-10 2.367630960182970860e-09 -3.168933412008485338e-09
4.105492029643406627e-11 -9.188762063200783957e-11 4.333557262721225868e-10 -3.443527983769762210e-10 -7.022281807456658640e-11 2.510136431614148458e-10 1.607295209016255175e-09 -1.972368834287640912e-09
2.638741414956604736e-11 -5.916616593031494258e-11 2.933109603946232403e-10 -2.269204883721451719e-10 -2.444871160225462904e-11 6.277578166429101997e-11 9.133647726528791578e-10 -1.070315198519662068e-09
1.565295091535875314e-11 -3.329775102146465000e-11 1.797620476051643608e-10 -8.068410161997877904e-11 -8.766235194576431169e-11 9.389602716802183175e-11 2.941301261156346586e-10 -3.512222936527920197e-10
7.078075222075926367e-12 -1.768493216827049989e-11 6.815295116612671097e-11 -6.546875488513340244e-11 -2.374727219953268910e-11 3.251037260060929084e-11 1.414508137549070871e-10 -1.255388336319997524e-10
3.552089924897262412e-12 -8.087323089562721150e-12 3.171918579739269103e-11 -1.247567255339792846e-11 1.405561181742630237e-11 -1.739324598977097200e-11 -5.670283392936477246e-12 -9.108911761592727883e-12